0.005,2,75,relu,2,30000,34.265,88.75,[25, 50]
0.1,1,30,sigmoid,1,8180,5.135,87.83,[30]
0.4,1,5,sigmoid,1,13875,2.441,52.410000000000004,[5]
0.08,2,50,sigmoid,1,30000,13.27,86.0,[20, 30]
0.008,1,40,relu,3,11021,17.481,91.78,[40]
0.1,1,75,tanh,1,30000,20.13,84.32,[75]
0.2,1,100,tanh,1,10621,9.479,74.83,[100]
0.05,3,60,tanh,3,30000,21.6,21.310000000000002,[10, 40, 10]
0.8,1,60,tanh,1,15909,9.781,68.4,[60]
0.5,1,30,sigmoid,1,7367,4.641,82.22,[30]
0.3,1,20,tanh,1,11021,5.002,78.13,[20]
0.5,2,90,tanh,1,30000,18.018,10.280000000000001,[40, 50]
0.01,3,8,tanh,5,30000,27.812,11.35,[3, 3, 2]
0.4,1,50,tanh,1,11841,7.24,71.58,[50]
0.008,2,90,relu,1,41943,25.173,85.74000000000001,[50, 40]
0.007,3,90,relu,1,30000,17.815,9.8,[20, 30, 40]
0.008,1,50,relu,1,30000,17.341,92.5,[50]
0.8,1,150,sigmoid,1,30000,35.762,85.00999999999999,[150]
5.0,1,50,sigmoid,1,10000,6.574,10.280000000000001,[50]
0.5,3,30,relu,2,500,1.663,9.8,[10, 10, 10]
0.9,1,1,relu,1,0,0.507,9.74,[1]
0.06,2,80,sigmoid,3,45000,66.575,90.85,[30, 50]
0.08,1,100,sigmoid,1,60000,48.345,94.81,[100]
0.05,3,115,tanh,1,30000,20.419,19.64,[20, 35, 60]
0.1,1,5,sigmoid,1,30000,4.821,58.37,[5]
0.08,3,100,sigmoid,1,30000,17.667,52.800000000000004,[30, 40, 30]
0.08,1,50,relu,5,21604,59.892,81.97,[50]
0.08,3,50,sigmoid,1,52112,13.507,56.74,[10, 20, 20]
0.008,2,70,relu,2,19163,21.535,87.83,[30, 40]
0.05,1,75,tanh,5,19970,74.28,88.41,[75]
0.08,1,100,sigmoid,1,60000,48.676,94.11,[100]
1.0,1,1,sigmoid,1,0,0.569,10.32,[1]
0.08,1,40,sigmoid,1,10214,5.624,89.03999999999999,[40]
